0.000000 0.000000e+00
0.020000 5.668184e+01
0.040000 1.189866e+02
0.060000 1.948672e+02
0.080000 2.866941e+02
0.100000 3.952456e+02
0.120000 5.308830e+02
0.140000 6.970766e+02
0.160000 8.892819e+02
0.180000 1.126997e+03
0.200000 1.476073e+03
0.220000 1.766881e+03
0.240000 1.652416e+03
0.260000 1.280813e+03
0.280000 1.032642e+03
0.300000 9.105234e+02
0.320000 8.531779e+02
0.340000 8.317968e+02
0.360000 8.337530e+02
0.380000 8.552352e+02
0.400000 8.948645e+02
0.420000 9.578246e+02
0.440000 1.069053e+03
0.460000 1.225586e+03
0.480000 1.425588e+03
0.500000 1.669760e+03
0.520000 1.960414e+03
0.540000 2.300892e+03
0.560000 2.695373e+03
0.580000 3.149095e+03
0.600000 3.668920e+03
