0.000000 0.000000e+00
0.020000 5.733269e+01
0.040000 1.203602e+02
0.060000 1.978436e+02
0.080000 2.899245e+02
0.100000 3.993702e+02
0.120000 5.360511e+02
0.140000 7.034090e+02
0.160000 8.968487e+02
0.180000 1.136057e+03
0.200000 1.487122e+03
0.220000 1.777984e+03
0.240000 1.661452e+03
0.260000 1.288436e+03
0.280000 1.040497e+03
0.300000 9.191542e+02
0.320000 8.628585e+02
0.340000 8.428778e+02
0.360000 8.464592e+02
0.380000 8.698994e+02
0.400000 9.119256e+02
0.420000 9.777046e+02
0.440000 1.092362e+03
0.460000 1.252820e+03
0.480000 1.457296e+03
0.500000 1.706532e+03
0.520000 2.002871e+03
0.540000 2.349679e+03
0.560000 2.751163e+03
0.580000 3.212608e+03
0.600000 3.740966e+03
