0.000000 0.000000e+00
0.020000 5.798934e+01
0.040000 1.217572e+02
0.060000 2.007538e+02
0.080000 2.931800e+02
0.100000 4.035350e+02
0.120000 5.412699e+02
0.140000 7.098031e+02
0.160000 9.044893e+02
0.180000 1.145206e+03
0.200000 1.498277e+03
0.220000 1.789187e+03
0.240000 1.670592e+03
0.260000 1.296181e+03
0.280000 1.048493e+03
0.300000 9.279492e+02
0.320000 8.727276e+02
0.340000 8.541706e+02
0.360000 8.594167e+02
0.380000 8.848525e+02
0.400000 9.293183e+02
0.420000 9.979676e+02
0.440000 1.116110e+03
0.460000 1.280557e+03
0.480000 1.489574e+03
0.500000 1.743948e+03
0.520000 2.046051e+03
0.540000 2.399271e+03
0.560000 2.807842e+03
0.580000 3.277099e+03
0.600000 3.814087e+03
